<?xml version="1.0" encoding="UTF-8" standalone="no"?>
<!DOCTYPE svg PUBLIC "-//W3C//DTD SVG 20010904//EN"
              "http://www.w3.org/TR/2001/REC-SVG-20010904/DTD/svg10.dtd">

<svg xmlns="http://www.w3.org/2000/svg"
     width="21.1667mm" height="16.0867mm"
     viewBox="0 0 250 190">
  <path id="Unnamed #1"
        fill="none" stroke="black" stroke-width="1"
        d="M 0.00,4.00
           C 0.00,4.00 23.00,4.00 23.00,4.00
             23.00,4.00 42.25,3.88 42.25,3.88
             42.25,3.88 65.25,4.00 65.25,4.00
             65.25,4.00 94.00,4.00 94.00,3.88
             94.00,3.75 121.38,3.88 121.38,3.88
             121.38,3.88 145.50,3.88 145.50,3.88
             145.50,3.88 171.38,3.88 171.38,3.88
             171.38,3.88 192.38,3.75 192.38,3.75
             192.38,3.75 210.38,3.88 210.38,3.88
             210.38,3.88 229.88,3.88 229.88,3.88
             229.88,3.88 250.00,3.94 250.00,3.94
             250.00,3.94 250.00,22.19 250.00,22.19
             250.00,22.19 250.00,47.06 250.00,47.06
             250.00,47.06 250.06,60.56 250.06,60.56
             250.06,60.56 250.06,75.31 250.06,75.31
             250.06,75.31 250.06,95.25 250.06,95.25
             250.06,95.25 250.06,115.19 250.06,115.19
             250.06,115.19 250.06,135.12 250.06,135.12
             250.06,135.12 250.06,145.50 250.06,145.50
             250.06,145.50 250.19,157.25 250.19,157.25
             250.19,157.25 236.12,161.12 236.12,161.12
             236.12,161.12 216.31,165.94 216.31,165.94
             216.31,165.94 203.50,169.06 203.50,169.06
             203.50,169.06 191.44,172.00 191.44,172.00
             191.44,172.00 176.44,175.62 176.44,175.62
             176.44,175.62 163.50,178.88 163.50,178.88
             163.50,178.88 151.06,182.12 151.06,182.12
             151.06,182.12 140.31,184.81 140.31,184.81
             140.31,184.81 133.50,186.06 133.50,186.06
             133.50,186.06 119.62,186.12 119.62,186.12
             119.62,186.12 105.88,186.19 105.88,186.19
             105.88,186.19 90.56,182.25 90.56,182.25
             90.56,182.25 75.69,178.31 75.69,178.31
             75.69,178.31 63.56,175.31 63.56,175.31
             63.56,175.31 52.00,172.09 52.00,172.09
             52.00,172.09 38.64,168.27 38.64,168.27
             38.64,168.27 30.25,164.75 30.25,164.75
             30.25,164.75 21.50,161.75 21.50,161.75
             21.50,161.75 16.00,160.00 16.00,160.00
             16.00,160.00 9.75,157.50 9.75,157.50
             9.75,157.50 0.00,153.26 0.00,153.26
             0.00,153.26 0.00,139.39 0.00,139.39
             0.00,139.39 0.00,125.52 0.00,125.52
             0.00,125.52 0.00,111.65 0.00,111.65
             0.00,111.65 0.00,97.78 0.00,97.78
             0.00,97.78 0.00,83.91 0.00,83.91
             0.00,83.91 0.00,70.04 0.00,70.04
             0.00,70.04 0.00,56.17 0.00,56.17
             0.00,56.17 0.00,42.30 0.00,42.30
             0.00,42.30 0.00,41.00 0.00,41.00
             0.00,41.00 0.00,31.65 0.00,31.65
             0.00,31.65 0.00,24.35 0.00,24.35
             0.00,24.35 -0.04,17.57 -0.04,17.57
             -0.04,17.57 -0.04,11.91 -0.04,11.91
             -0.04,11.91 -0.09,7.52 -0.09,7.52M 107.00,62.75" />
</svg>
