<?xml version="1.0" encoding="UTF-8" standalone="no"?>
<!DOCTYPE svg PUBLIC "-//W3C//DTD SVG 20010904//EN"
              "http://www.w3.org/TR/2001/REC-SVG-20010904/DTD/svg10.dtd">

<svg xmlns="http://www.w3.org/2000/svg"
     width="0.833333in" height="0.633333in"
     viewBox="0 0 250 190">
  <path id="Unnamed"
        fill="none" stroke="black" stroke-width="1"
        d="M 252.00,88.50
           C 252.00,88.50 251.62,81.50 251.62,81.38
             251.62,81.25 251.75,73.62 251.75,73.62
             251.75,73.62 251.25,64.00 250.88,63.38
             250.50,62.75 251.25,52.12 251.25,52.00
             251.25,51.88 251.25,42.50 251.25,42.50
             251.25,42.50 252.25,30.88 252.25,30.88
             252.25,30.88 251.38,19.50 251.38,19.50
             251.38,19.50 252.00,11.00 252.00,10.75
             252.00,10.50 252.50,4.50 252.50,3.88
             252.50,3.25 251.62,-0.88 251.62,-0.88
             251.62,-0.88 243.75,-0.88 243.75,-0.88
             243.75,-0.88 234.88,-1.12 234.88,-1.12
             234.88,-1.12 221.38,-0.75 221.38,-0.75
             221.38,-0.75 212.12,-1.38 212.12,-1.38
             212.12,-1.38 204.38,-1.62 204.38,-1.62
             204.38,-1.62 189.75,-0.62 189.75,-0.62
             189.75,-0.62 176.88,-0.75 176.75,-0.75
             176.62,-0.75 166.00,-1.12 165.75,-1.12
             165.50,-1.12 154.25,-0.62 154.25,-0.62
             154.25,-0.62 139.25,-1.00 139.25,-1.00
             139.25,-1.00 128.25,-0.88 128.25,-0.88
             128.25,-0.88 112.38,-0.88 112.12,-1.00
             111.88,-1.12 98.50,-1.50 98.38,-1.38
             98.25,-1.25 84.38,-1.75 84.38,-1.75
             84.38,-1.75 69.38,-0.62 69.38,-0.62
             69.38,-0.62 53.38,-0.88 53.25,-0.88
             53.12,-0.88 39.75,-1.25 39.75,-1.25
             39.75,-1.25 15.50,-0.38 15.50,-0.38
             15.50,-0.38 -0.75,-0.12 -0.75,-0.12
             -0.75,-0.12 -1.25,3.75 -1.25,3.75
             -1.25,3.75 -2.50,15.50 -2.50,15.50
             -2.50,15.50 -2.25,26.75 -2.25,26.75
             -2.25,26.75 -2.00,39.50 -2.00,39.50
             -2.00,39.50 -2.75,51.75 -2.75,51.75
             -2.75,51.75 -1.50,68.00 -1.50,68.00
             -1.50,68.00 -1.00,80.00 -1.00,80.00
             -1.00,80.00 -1.00,97.25 -1.00,97.25
             -1.00,97.25 -1.25,110.75 -1.25,110.75
             -1.25,110.75 -1.75,120.25 -1.75,120.25
             -1.75,120.25 3.33,125.33 3.33,125.33
             3.33,125.33 8.25,132.00 8.25,132.00
             8.25,132.00 15.00,138.00 15.00,138.00
             15.00,138.00 21.12,144.62 21.12,144.62
             21.12,144.62 27.27,150.91 27.27,150.91
             27.27,150.91 34.18,156.36 34.18,156.36
             34.18,156.36 40.73,162.00 40.73,162.00
             40.73,162.00 47.94,167.25 48.19,167.50
             48.44,167.75 55.81,171.75 55.81,171.75
             55.81,171.75 64.44,175.12 64.69,175.38
             64.94,175.62 73.88,178.69 73.88,178.69
             73.88,178.69 86.25,182.56 86.25,182.56
             86.25,182.56 97.94,186.00 98.19,186.00
             98.44,186.00 112.06,188.25 112.31,188.25
             112.56,188.25 125.88,189.94 125.88,189.94
             125.88,189.94 139.27,189.27 139.27,189.27
             139.27,189.27 151.27,186.36 151.27,186.36
             151.27,186.36 165.55,181.73 165.55,181.73
             165.55,181.73 180.55,175.18 180.55,175.18
             187.68,172.07 194.25,168.38 194.25,168.38
             194.25,168.38 205.38,161.75 205.38,161.75
             205.38,161.75 213.12,155.25 213.12,155.25
             213.12,155.25 222.62,148.62 222.88,148.62
             223.12,148.62 230.00,142.75 230.00,142.75
             230.00,142.75 236.62,137.38 236.62,137.12
             236.62,136.88 243.00,129.75 243.00,129.75
             243.00,129.75 248.82,118.73 248.82,118.73
             248.82,118.73 251.50,107.00 251.50,107.00
             251.50,107.00 252.00,97.25 252.00,97.00M 220.00,146.36M 248.27,117.27" />
</svg>
